# id	file_path	transparent_color_r	g	b
[TEXTURES]
0	textures\mario.png	255	255	255
20	textures\misc.png	176	224	248
10	textures\enemies.png	3	26	110
30	textures\enemies-2.png	0	128	128
40	textures\map1-1_bank.png	255	255	255

# id	left	top	right	bottom	texture_id
[SPRITES]
# BIG MARIO 
# idle right
10001	246	154	260	181	0
# walk
10002	275	154	290	181	0	
10003	304	154	321	181	0
# idle left
10011	186	154	200	181	0
#walk
10012	155	154	170	181	0
10013	125	154	140	181	0
# die 
10099	215	120	231	135	0
#sit
10014	6	239	20	257	0
10015	426	239	440	257	0
#jump left
10016	35	275	51	301	0
#jump right
10017	395	275	411	301	0
# SMALL MARIO
# idle small right
10021	247	0	259	15	0
# walk
10022	275	0	291	15	0
10023	306	0	320	15	0
# idle small left
10031	187	0	198	15	0
# walk
10032	155	0	170	15	0
10033	125	0	139	15	0
#jump left
10041	95	120	110	136	0
#jump right
10042	336	120	351	136	0

#LEAF MARIO
#idle left
11001	182	634	203	662	0
#idle right
11002	243	634	264	662	0
#walk left
11011	152	634	174	662	0
11012	122	634	143	661	0
#walk right
11013	272	634	294	662	0
11014	303	634	324	661	0
#jump left low
11015	31	754	54	781	0
#jump right low
11016	392	754	416	781	0

#COIN
60001	303	99	313	115	20
60002	322	99	330	115	20
60003	341	99	347	115	20
#QUESTION BRICK
40001	300	117	316	133	20
40002	318	117	334	133	20
40003	336	117	352	133	20
40004	355	117	370	133	20
#BRICK
20001	16	64	32	80	40
#BRICK GROUND 1
20002	96	160	112	176	30
#BRICK GROUND 2
20003	16	176	32	192	40
#CLOUD BRICK
20004	16	32	32	48	40

#GOOMBA
30001	5	14	21	29	10
30002	25	14	41	29	10
#die
30003	45	21	61	29	10

#KOOPAS
#walk left
50001	205	191	221	217	30
50002	222	191	238	217	30
#walk right
50011	187	191	202	217	30
50012	170	191	185	217	30
#die
50031	152	202	168	217	20
#shell green
50021	239	202	255	218	30
#spin green
50041	239	202	255	218	30
50042	256	202	272	218	30
50043	273	202	289	218	30
50044	290	202	306	218	30

# ani_id	sprite1_id	time1	sprite2_id	time2	...
[ANIMATIONS]
# ==== MARIO =========
#idle BIG right
400	10001	100
#idle BIG left
401	10011	100
#jump BIG left
508	10016	100
#jump BIG right
509	10017	100

#idle small right
402	10021	100
#idle small left
403	10031	100
#walk right big
500	10001	100	10002	100	10003	100
#walk left big
501	10011	100	10012	100	10013	100
#walk right small
502	10021	100	10022	100	10023	100
#walk left small
503	10031	100	10032	100	10033	100
#die
599	10099	100
#sit left big
504	10014	100
#sit left right
505	10015	100
#jump small left
506	10041	100
#jump small right
507	10042	100

#LEAF MARIO
#idle left
530	11001	100
#idle right
531	11002	100
#walk left
532	11011	100	11012	100
#walk right
533	11013	100	11014	100
#jump left low
534	11015	100
#jump right low
535	11016	100

# ==== BRICK =========
601	20001	100

# ==== QUESTION BRICK =========
602	40001	1000	40001	100	40002	100	40003	100	40004	100

# ==== BRICK GROUND 1 ===
603	20002	100
# ==== BRICK GROUND 2 ===
604	20003	100
# ==== CLOUD BRICK ===
605	20004	100
# ==== GOOMBA  =========
# walk
701	30001	100	30002	100
# die
702	30003	100

# ==== KOOPAS  =========
#walk left
801	50001	100	50002	100
#walk right
802	50011	100	50012	100
#die
803	50031	100
#shell
804	50021	100
#spin green
805	50041	100	50042	100	50043	100	50044	100
# ====== COIN ==========
901	60001	100	60002	100	60003	100

#
# id	ani1	ani2	ani3
#
[ANIMATION_SETS]
# MARIO
1	400	401	402	403	500	501	502	503	599	504	505	506	507	508	509	530	531	532	533	534	535
# BRICK 
2	601
# QUESTION BRICK 
22	602
# BRICK GROUND 1
23	603
# BRICK GROUND 2
24	604
#CLOUD BRICK
25	605
# GOOMBA
3	701	702
# KOOPAS
4	801	802	803	804	805
# COIN
5	901

[OBJECTS]
# type	x	y	ani_set_id	extra_settings per object type
# type: 0 = Mario , 1 = Brick, 2 = Goomba, 3 = Koopas, Block = 4, Coin = 5, Pine = 6
# MARIO
0	17	115	1
# KOOPAS
3	16	389	4
3	700	350	4
# BRICK type	l	t	bounce
1	0	135	22	0
1	0	150	22	0
1	16	150	22	0
1	32	150	22	0
1	100	150	22	0
1	115	150	22	0
1	130	150	22	0
#BRICK(GROUND)				
#ground #1 9-47				
1	0	416	23	0
1	16	416	23	0
1	32	416	23	0
1	48	416	23	0
1	64	416	23	0
1	80	416	23	0
1	96	416	23	0
1	112	416	23	0
1	128	416	23	0
1	144	416	23	0
1	160	416	23	0
1	176	416	23	0
1	192	416	23	0
1	208	416	23	0
1	224	416	23	0
1	240	416	23	0
1	256	416	23	0
1	272	416	23	0
1	288	416	23	0
1	304	416	23	0
1	320	416	23	0
1	336	416	23	0
1	352	416	23	0
1	368	416	23	0
1	384	416	23	0
1	400	416	23	0
1	416	416	23	0
1	432	416	23	0
1	448	416	23	0
1	464	416	23	0
1	480	416	23	0
1	496	416	23	0
1	512	416	23	0
1	528	416	23	0
1	544	416	23	0
1	560	416	23	0
1	576	416	23	0
1	592	416	23	0
1	608	416	23	0
#ground #2 48-105				
1	624	416	24	0
1	640	416	24	0
1	656	416	24	0
1	672	416	24	0
1	688	416	24	0
1	704	416	24	0
1	720	416	24	0
1	736	416	24	0
1	752	416	24	0
1	768	416	24	0
1	784	416	24	0
1	800	416	24	0
1	816	416	24	0
1	832	416	24	0
1	848	416	24	0
1	864	416	24	0
1	880	416	24	0
1	896	416	24	0
1	912	416	24	0
1	928	416	24	0
1	944	416	24	0
1	960	416	24	0
1	976	416	24	0
1	992	416	24	0
1	1008	416	24	0
1	1024	416	24	0
1	1040	416	24	0
1	1056	416	24	0
1	1072	416	24	0
1	624	400	23	1
1	640	400	23	0
1	656	400	23	0
1	672	400	23	0
1	688	400	23	0
1	704	400	23	0
1	720	400	23	0
1	736	400	23	0
1	752	400	23	0
1	768	400	23	0
1	784	400	23	0
1	800	400	23	0
1	816	400	23	0
1	832	400	23	0
1	848	400	23	0
1	864	400	23	0
1	880	400	23	0
1	896	400	23	0
1	912	400	23	0
1	928	400	23	0
1	944	400	23	0
1	960	400	23	0
1	976	400	23	0
1	992	400	23	0
1	1008	400	23	0
1	1024	400	23	0
1	1040	400	23	0
1	1056	400	23	0
1	1072	400	23	0
#ground #3 106-128				
1	1152	416	23	0
1	1168	416	23	0
1	1184	416	23	0
1	1200	416	23	0
1	1216	416	23	0
1	1232	416	23	0
1	1248	416	23	0
1	1264	416	23	0
1	1280	416	23	0
1	1296	416	23	0
1	1312	416	23	0
1	1328	416	23	0
1	1344	416	23	0
1	1360	416	23	0
1	1376	416	23	0
1	1392	416	23	0
1	1408	416	23	0
1	1424	416	23	0
1	1440	416	23	0
1	1456	416	23	0
1	1472	416	23	0
1	1488	416	23	0
				
# 2 floating brick 129-130				
1	1504	336	2	0
1	1520	336	2	0
# ground #3 131-141				
1	1536	416	23	0
1	1552	416	23	0
1	1568	416	23	0
1	1584	416	23	0
1	1600	416	23	0
				0
1	1568	400	2	0
1	1584	400	2	0
1	1600	400	2	0
1	1584	384	2	0
1	1600	384	2	0
1	1600	368	2	0
#ground #4 142 - 240				
1	1664	400	2	0
1	1680	400	2	0
1	1696	400	2	0
1	1664	384	2	0
1	1680	384	2	0
1	1664	368	2	0
				
1	1664	416	23	0
1	1680	416	23	0
1	1696	416	23	0
1	1712	416	23	0
1	1728	416	23	0
1	1744	416	23	0
1	1760	416	23	0
1	1776	416	23	0
1	1792	416	23	0
1	1808	416	23	0
1	1824	416	23	0
1	1840	416	23	0
1	1856	416	23	0
1	1872	416	23	0
1	1888	416	23	0
1	1904	416	23	0
1	1920	416	23	0
1	1936	416	23	0
1	1952	416	23	0
1	1968	416	23	0
1	1984	416	23	0
1	2000	416	23	0
1	2016	416	23	0
1	2032	416	23	0
1	2048	416	23	0
1	2064	416	23	0
1	2080	416	23	0
1	2096	416	23	0
1	2112	416	23	0
1	2128	416	23	0
1	2144	416	23	0
1	2160	416	23	0
1	2176	416	23	0
1	2192	416	23	0
1	2208	416	23	0
1	2224	416	23	0
				
1	2256	368	2	0
1	2272	368	2	0
1	2256	304	2	0
1	2272	304	2	0
				
1	2256	416	23	0
1	2272	416	23	0
1	2288	416	23	0
1	2304	416	23	0
1	2320	416	23	0
1	2336	416	23	0
1	2352	416	23	0
1	2368	416	23	0
1	2384	416	23	0
1	2400	416	23	0
1	2416	416	23	0
1	2432	416	23	0
1	2448	416	23	0
1	2464	416	23	0
1	2480	416	23	0
1	2496	416	23	0
1	2512	416	23	0
1	2528	416	23	0
1	2544	416	23	0
1	2560	416	23	0
1	2576	416	23	0
1	2592	416	23	0
1	2608	416	23	0
1	2624	416	23	0
1	2640	416	23	0
1	2656	416	23	0
1	2672	416	23	0
1	2688	416	23	0
1	2704	416	23	0
1	2720	416	23	0
1	2736	416	23	0
1	2752	416	23	0
1	2768	416	23	0
1	2784	416	23	0
1	2800	416	23	0
1	2816	416	23	0
#cloud brick				
1	1408	192	25	0
1	1424	192	25	0
1	1440	192	25	0
1	1456	192	25	0
				
1	1488	176	25	0
1	1504	176	25	0
1	1520	176	25	0
1	1536	176	25	0
1	1552	176	25	0
1	1568	176	25	0
1	1584	176	25	0
1	1600	176	25	0
1	1616	176	25	0
1	1632	176	25	0
1	1648	176	25	0
1	1664	176	25	0
1	1680	176	25	0


# GOOMBA
2	500	400	3
2	600	400	3

# BLOCK
#type	l	t	ani_set_id	r	b
4	240	368	0	288	416
4	272	336	0	320	416

4	405	368	0	480	416
4	464	336	0	528	416
4	512	304	0	576	416
4	512	384	0	608	416

4	1264	384	0	1376	416
4	1296	352	0	1408	416
4	1328	320	0	1440	416

4	1312	144	0	1376	176

4	2144	368	0	2192	416
4	2176	272	0	2224	416
# COIN 
#type	l	t	ani_set_id
5	1072	320	5
5	1104	288	5
5	1136	256	5
5	1168	224	5
5	1200	192	5

5	1328	80	5
5	1344	80	5
5	1360	80	5

5	1472	112	5
5	1488	112	5

5	1536	128	5
5	1552	128	5
5	1568	128	5
5	1584	128	5

5	1616	112	5
5	1632	112	5
5	1648	112	5
5	1664	112	5

5	1696	144	5
5	1728	112	5
5	1760	128	5
5	1808	96	5
5	1840	128	5

#--- PINE (+-2 pixel left right)
#type	l	t	aniset_id	r	b
6	352	368	0	380	416
6	1794	384	0	1822	416
6	1858	368	0	1886	416
6	2258	384	0	2286	416
6	2258	128	0	2286	304
6	2322	384	0	2350	416

# --- SCENE PORTAL ----
# type	l	t	ani_set_id	r	b	scene_id
50	115	98	0	148	150	1

