128	13
0	17	0	1	0	0
1	0	128	2	3	1	0	1
1	16	128	2	3	0	0	1
1	32	128	2	3	0	0	1
1	48	128	2	3	0	0	1
1	64	128	2	3	0	0	1
1	80	128	2	3	0	0	1
1	96	128	2	3	0	0	1
1	112	128	2	3	0	0	1
1	128	128	2	3	0	0	1
1	144	128	2	3	1	0	1
1	144	144	2	3	1	0	1
1	144	160	2	3	1	0	1
1	144	176	2	3	1	0	1
1	144	192	2	3	1	0	1
8	224	128	2	1	1	1
8	240	128	2	1	1	1
8	256	128	2	1	1	1
8	272	128	2	1	1	1
8	384	112	2	1	2	0
8	400	112	2	1	2	0
8	416	112	2	1	2	0
8	432	112	2	1	2	0
8	448	112	2	1	2	0
8	608	64	2	1	3	0
8	624	64	2	1	3	0
9	640	64	2	2	1	1	0	4	0
8	656	64	2	1	4	0
8	640	144	2	1	4	1
8	656	144	2	1	4	1
8	752	96	2	1	4	0
8	752	112	2	1	4	0
8	752	128	2	1	4	1
8	752	144	2	1	4	1
8	768	144	2	1	4	1
8	784	144	2	1	4	1
8	800	144	2	1	5	1
8	864	112	2	1	5	0
8	864	128	2	1	5	1
8	864	144	2	1	5	1
8	864	160	2	1	5	1
8	880	160	2	1	5	1
8	896	160	2	1	5	1
8	944	112	2	1	5	0
8	944	128	2	1	5	1
9	960	128	2	4	1	1	0	6	1
8	960	176	2	1	6	1
8	976	176	2	1	6	1
8	992	176	2	1	6	1
8	1008	176	2	1	6	1
9	1008	128	2	2	1	0	10	6	1
8	1024	128	2	1	6	1
8	1040	128	2	1	6	1
8	1056	128	2	1	6	1
8	1072	128	2	1	6	1
8	1152	160	2	1	7	1
8	1168	160	2	1	7	1
8	1184	160	2	1	7	1
8	1200	160	2	1	7	1
8	1216	160	2	1	7	1
8	1184	80	2	1	7	0
8	1200	80	2	1	7	0
8	1216	80	2	1	7	0
9	1216	64	2	2	1	1	0	7	0
8	1264	144	2	1	7	1
8	1280	144	2	1	8	1
8	1392	80	2	1	8	0
8	1408	80	2	1	8	0
8	1424	80	2	1	8	0
9	1536	64	2	2	1	0	10	9	0
8	1536	80	2	1	9	0
8	1536	144	2	1	9	1
8	1536	160	2	1	9	1
8	1536	176	2	1	9	1
8	1552	176	2	1	9	1
8	1568	176	2	1	9	1
8	1584	176	2	1	9	1
8	1728	64	2	1	10	0
8	1728	80	2	1	10	0
8	1728	96	2	1	10	0
8	1776	144	2	1	11	1
8	1792	144	2	1	11	1
8	1806	144	2	1	11	1
1	1920	176	2	3	1	12	1
1	1936	176	2	3	0	12	1
1	1952	176	2	3	0	12	1
1	1968	176	2	3	0	12	1
1	1984	176	2	3	0	12	1
1	2000	176	2	3	0	12	1
1	2016	176	2	3	0	12	1
1	2032	176	2	3	1	12	1
1	1920	192	2	3	1	12	1
1	1936	192	2	3	0	12	1
1	1952	192	2	3	0	12	1
1	1968	192	2	3	0	12	1
1	1984	192	2	3	0	12	1
1	2000	192	2	3	0	12	1
1	2016	192	2	3	0	12	1
1	2032	192	2	3	1	12	1
4	1968	144	0	2016	176	12	1
1	2032	16	2	3	1	12	0
1	2032	32	2	3	1	12	0
1	2032	48	2	3	1	12	0
1	2032	64	2	3	1	12	0
1	2032	80	2	3	1	12	0
1	2032	96	2	3	1	12	0
1	2032	112	2	3	1	12	0
1	2032	128	2	3	1	12	1
1	2032	144	2	3	1	12	1
1	2032	160	2	3	1	12	1
3	1035	95	4	1	2	6	0
3	1975	106	4	1	2	12	0
3	1872	50	4	3	2	11	0
5	337	80	5	2	0
5	353	80	5	2	0
5	369	80	5	2	0
5	417	48	5	2	0
5	433	48	5	2	0
5	449	48	5	2	0
5	769	80	5	4	0
5	785	80	5	4	0
5	801	80	5	5	0
5	849	48	5	5	0
5	865	48	5	5	0
5	881	48	5	5	0
5	1329	64	5	8	0
5	1345	64	5	8	0
5	1361	64	5	8	0
5	1505	48	5	9	0
5	1505	64	5	9	0
5	1505	80	5	9	0
5	1505	96	5	9	0
5	1505	112	5	9	0
5	1505	128	5	9	1
5	1505	144	5	9	1
5	1505	160	5	9	1
5	1889	80	5	11	0
5	1905	80	5	11	0
5	1921	80	5	12	0
6	1936	112	9	1967	176	5	3	12	0
14	368	96	11	2	0
14	560	128	11	3	1
14	592	80	11	3	0
14	624	176	11	3	1
14	752	112	11	4	0
14	1088	160	11	6	1
14	1200	96	11	7	0
14	1376	128	11	8	1
14	1472	112	11	9	0
14	1552	80	11	9	0
14	1744	160	11	10	1
14	1776	112	11	11	0
14	1792	192	11	11	1
